198
98 2 3 4 5 6 7 8 9 10 11 12 13 14 15 16 17 18 19 20 21 22 23 24 25 26 27 28 29 30 31 32 33 34 35 36 37 38 39 40 41 42 43 44 45 46 47 48 49 50 51 52 53 54 55 56 57 58 59 60 61 62 63 64 65 66 67 68 69 70 71 72 73 74 75 76 77 78 79 80 81 82 83 84 85 86 87 88 89 90 91 92 93 94 95 96 97 98 99
49 100 101 102 107 109 111 113 115 117 119 121 123 125 127 129 131 133 135 137 139 141 143 145 147 149 151 153 155 157 159 161 163 165 167 169 171 173 175 177 179 181 183 185 187 189 191 193 195 197
49 100 101 102 107 109 111 113 115 117 119 121 123 125 127 129 131 133 135 137 139 141 143 145 147 149 151 153 155 157 159 161 163 165 167 169 171 173 175 177 179 181 183 185 187 189 191 193 195 197
49 100 101 102 107 109 111 113 115 117 119 121 123 125 127 129 131 133 135 137 139 141 143 145 147 149 151 153 155 157 159 161 163 165 167 169 171 173 175 177 179 181 183 185 187 189 191 193 195 197
3 103 104 105
3 103 104 105
3 103 104 105
4 103 104 105 106
2 106 107
4 103 104 105 108
2 108 109
4 103 104 105 110
2 110 111
4 103 104 105 112
2 112 113
4 103 104 105 114
2 114 115
4 103 104 105 116
2 116 117
4 103 104 105 118
2 118 119
4 103 104 105 120
2 120 121
4 103 104 105 122
2 122 123
4 103 104 105 124
2 124 125
4 103 104 105 126
2 126 127
4 103 104 105 128
2 128 129
4 103 104 105 130
2 130 131
4 103 104 105 132
2 132 133
4 103 104 105 134
2 134 135
4 103 104 105 136
2 136 137
4 103 104 105 138
2 138 139
4 103 104 105 140
2 140 141
4 103 104 105 142
2 142 143
4 103 104 105 144
2 144 145
4 103 104 105 146
2 146 147
4 103 104 105 148
2 148 149
4 103 104 105 150
2 150 151
4 103 104 105 152
2 152 153
4 103 104 105 154
2 154 155
4 103 104 105 156
2 156 157
4 103 104 105 158
2 158 159
4 103 104 105 160
2 160 161
4 103 104 105 162
2 162 163
4 103 104 105 164
2 164 165
4 103 104 105 166
2 166 167
4 103 104 105 168
2 168 169
4 103 104 105 170
2 170 171
4 103 104 105 172
2 172 173
4 103 104 105 174
2 174 175
4 103 104 105 176
2 176 177
4 103 104 105 178
2 178 179
4 103 104 105 180
2 180 181
4 103 104 105 182
2 182 183
4 103 104 105 184
2 184 185
4 103 104 105 186
2 186 187
4 103 104 105 188
2 188 189
4 103 104 105 190
2 190 191
4 103 104 105 192
2 192 193
4 103 104 105 194
2 194 195
4 103 104 105 196
2 196 197
1 198
1 198
1 198
1 198
1 198
1 198
1 198
1 198
1 198
1 198
1 198
1 198
1 198
1 198
1 198
1 198
1 198
1 198
1 198
1 198
1 198
1 198
1 198
1 198
1 198
1 198
1 198
1 198
1 198
1 198
1 198
1 198
1 198
1 198
1 198
1 198
1 198
1 198
1 198
1 198
1 198
1 198
1 198
1 198
1 198
1 198
1 198
1 198
1 198
1 198
1 198
1 198
1 198
1 198
1 198
1 198
1 198
1 198
1 198
1 198
1 198
1 198
1 198
1 198
1 198
1 198
1 198
1 198
1 198
1 198
1 198
1 198
1 198
1 198
1 198
1 198
1 198
1 198
1 198
1 198
1 198
1 198
1 198
1 198
1 198
1 198
1 198
1 198
1 198
1 198
1 198
1 198
1 198
1 198
1 198
1 198
1 198
1 198
